26054
29143
33160
30555
11164
22937
18152
13552
1572
29897
8921
12019
18344
22111
5726
29573
22599
34513
29726
24479
24286
8191
9969
13593
32317
17337
31042
28430
24313
28340
16427
8302
20956
27773
2211
10951
19455
145
25867
31763
29231
17790
12454
19583
11973
23747
3176
33998
3281
10701
3176
33998
3386
16815
2629
16053
13635
28846
35094
10050
30956
9868
20595
13745
25093
30356
195
23590
31083
14757
10813
26404
35017
2922
3436
22303
29880
17485
11370
16514
2038
4815
26054
29143
2236
1497
1572
24331
29897
8921
12019
15458
18344
2038
4815
29143
33160
26021
30555
34402
11164


13552
1572
24331
29897

4815
26054
3423
15073


14209

17447
15447
15448

5074
5073

5010