30288
7232
30587
10450
31260
30938
23108
20708
18162
3032
19791
23505
21313
5077
2648
13870
11501
9734
29097
10682
16244
29049
17500
18627
21117
5526
22929
18924
16105
5281
3919
28335
15755
3838
2678
3042
19919
12345
11863
15314
8883
27732
32671
4740
9763
29150
26198
8007
22086
33231
5175
9383
32899
21831
2736
31614
7397
5719
28998
2346
1583
3951
26282
24325
3664
16369
3533
9610
33
25196
7615
15963
13768
13593
8538
407
7535
33078
27064
23343
16872
29203
19221
3013
13235
23437
31410
9206
21757
26560
11525
1971
15409
5906
460
22589
31229
2208
11706
2812
17903
34703
2971
20
30033
34887
9967
5708
31113
18213
8750
28944
29410
1035
8819
2751
20622
25504
21735
14535
7308
29297
19119
9212
7079
13594
22319
22910
26899
24733
29375
24730
3033
18357
19298
19462
19053
29349
26816
7062
16964
22069
30840
27470
34496
25785
56
25086
11520
19061
24080
20329
9150
27539
28399
16877
9933
20416
12553
9273
14458
11723
21872
54
28280
24845
32558
27454
4844
22845
5236
11219
20414
24048
21459
33479
1389
15274
26750
28610
20673
34740
33492
14236
32777
21263
26983
29177
33790
21228
18626
12128
20367
8312
24357
18081
5465
720
28866
15659
29366
22761
28807
15081
20598
6786
29543
30207
14908
23988
30476
2730
29827
5707
27109
12010
16161
24012
33534
34880
25511
17457
34885
30954
24011
1536
29450
32417
3918
12564
30255
20694
15950
31147
5490
25911
13788
5864
13378
12024
27939
16582
10932
2839
26259
31207
24909
31720
1451
31874
15583
17520
243
26398
15289
25293
7260
9487
32562
3426
1163
1558
32457
15562
24602
33055
12382
13239
10301
34276
25706
20805
28652
4270
12843
2138
24081
13770
6593
24521
7713
893
11400
8131
13124
32410
849
25030
32418
31955
25119
18488
6081
7015
24689
18290
10023
10668
27249
1055
5853
9489
5891
20484
11638
24700
14832
18599
20632
31278
22722
33464
28997
26680
11795
