14217
0
32911
15907
31693
13595
4788
7925
23507
4468
25112
13838
28519
23587
31244
32646
14812
24755
28204
15096
24643
23777
9734
1241
34231
20408
4415
6039
30089
1992
16330
18469
20406
14243
24153
1168
986
25167
0
24250

1580
30286
0
30759
13435
0
31969
13690
5923
33548
7035
23500
5238
24590
0
13510
2429
1583

2211
27436
0
2463
17302
0
18604
7917
33408
20631
23742
13605
23999
11305
14419
19857
26530

16723
13875
4466
20214
14920
32166
7799
21404
0
7915
23265
35164

28305
0
8839
0
30104
11836
30457
31246
13413
12664
0
9954


